13075045 16570
13076005 16570
13076006 16570
13076007 16570
13076011 16570
13076015 16570
13076017 16570
13076018 16570
13076019 16570
13076020 16570
13076022 16570
13076023 16570
13076024 16570
13076026 16570
13076027 16570
13077066 16582
13077067 16582
13077068 16582
13077069 16582
13077070 16582
13077073 16582
13077075 16582
13077076 16582
13077078 16582
13077081 16582
13078001 16582
13078003 16582
13078004 16582
13078006 16582
13078007 16582
13078009 16582
13078010 16582
13078011 16582
13078012 16582
13078014 16582
13078028 16586
13078035 16586
13078036 16586
13078037 16586
13078039 16586
13078040 16586
13078041 16586
13078042 16586
13078045 16586
13078047 16586
13078048 16586
13078050 16586
13078051 16586
13078052 16586
13078054 16586
13078055 16586
13078057 16586
13078058 16586
13078060 16586
13079020 16587
13079021 16587
13079022 16587
13079023 16587
13079029 16587
13079031 16587
13079032 16587
13079033 16587
13079034 16587
13079035 16587
13079036 16587
13079037 16587
13079038 16587
13079044 16587
13079073 16592
13079074 16592
13079075 16592
13079076 16592
13079077 16592
13079079 16592
13080001 16592
13080002 16592
13080003 16592
13080004 16592
13080005 16592
13080010 16593
13080011 16593
13080013 16593
13080014 16593
13080015 16593
13080080 16594
13080083 16594
13080084 16594
13080085 16594
13080086 16594
13080088 16594
13080089 16594
13080090 16594
13080091 16594
13080092 16594
13080093 16594
13080094 16594
13080095 16594
13080096 16594
13080097 16594
13081004 16597
13081005 16597
13081007 16597
13081020 16602
13082001 16602
13082002 16602
13082003 16602
13082004 16602
13082005 16602
13082006 16602
13082007 16602
13082008 16602
13082009 16602
13082010 16602
13082011 16602
13082014 16602
13083015 16618
13083016 16618
13083067 16619
13083068 16619
13083069 16619
13083070 16619
13083073 16619
13083074 16619
13083076 16619
13083081 16619
13083082 16619
13083084 16619
13084001 16619
13084004 16619
13084007 16619
13084008 16619
13084027 16620
13084028 16620
13084032 16620
13084034 16620
13084035 16620
13084036 16620
13084037 16620
13084038 16620
13084039 16620
13084040 16620
13084041 16620
13084051 16622
13085003 16622
13085004 16622
13085005 16622
13085006 16622
13085007 16622
13085008 16622
13085009 16622
13085010 16622
13085011 16622
13085028 16625
13085029 16625
13085030 16625
13085031 16625
13085032 16625
13085033 16625
13085034 16625
13085035 16625
13085036 16625
13085040 16625
13085041 16625
13085046 16625
13085047 16625
13085050 16625
13085060 16626
13085061 16626
13086002 16626
13086003 16626
13086065 16627
13086066 16627
13086067 16627
13086068 16627
13086069 16627
13086070 16627
13086071 16627
13086072 16627
13086073 16627
13086078 16627
13086079 16627
13086080 16627
13086081 16627
13086082 16627
13086083 16627
13086085 16627
13086087 16627
13086088 16627
13087009 16632
13087010 16632
13087011 16632
13087012 16632
13087013 16632
13087015 16632
13087016 16632
13089024 16643
13089025 16643
13089027 16643
13090005 16650
13090006 16650
13090007 16650
13090008 16650
13090011 16650
13090013 16650
13090015 16650
13090016 16650
13090017 16650
13090018 16650
13090019 16650
13090021 16650
13090022 16650
13090023 16650
13090035 16655
13090037 16655
13090038 16655
13090039 16655
13090040 16655
13090043 16655
13090048 16655
13090049 16655
13090050 16655
13091005 16655
13091009 16655
13091011 16655
13091012 16655
13091019 16656
13091020 16656
13091023 16656
13091024 16656
13091025 16656
13091027 16656
13091032 16656
13091033 16656
13091034 16656
13091035 16656
13091036 16656
13091037 16656
13091038 16656
13092005 16659
13092006 16659
13092007 16659
13092008 16659
13092036 16662
13092037 16662
13092038 16662
13092039 16662
13092040 16662
13092042 16662
13092044 16662
13092045 16662
13092046 16662
13092047 16662
13093015 16667
13093017 16667
13093018 16667
13093020 16667
13093021 16667
13093023 16667
13093024 16667
13093029 16667
13093030 16667
13093034 16667
13093035 16667
13093036 16667
13093037 16667
13093038 16667
13093044 16668
13093045 16668
13093046 16668
13094001 16668
13094003 16668
13094004 16668
13094005 16668
13094007 16668
13094009 16668
13094011 16668
13094013 16668
13094014 16668
13094015 16668
13094016 16668
13094017 16668
13094018 16668
13094019 16668
13094020 16668
13094021 16668
13094041 16669
13094044 16669
13094045 16669
13094050 16669
13094052 16669
13094053 16669
13094054 16669
13094081 16671
13094082 16671
13095010 16671
13095014 16671
13095015 16671
13095017 16671
13095043 16678
13095044 16678
13095045 16678
13095046 16678
13095049 16678
13096001 16678
13096002 16678
13096003 16678
13096004 16678
13096005 16678
13096006 16678
13096009 16678
13096010 16678
13096011 16678
13096012 16678
13096014 16678
13096016 16678
13096018 16678
13096060 16685
13096061 16685
13096062 16685
13096063 16685
13096064 16685
13096065 16685
13096066 16685
13096069 16685
13096070 16685
13097001 16685
13097002 16685
13097003 16685
13097004 16685
13097005 16685
13097006 16685
13097007 16685
13097021 16686
13097022 16686
13097023 16686
13097024 16686
13097026 16686
13097027 16686
13097028 16686
13097029 16686
13097032 16686
13097033 16686
13097034 16686
13097035 16686
13097036 16686
13097037 16686
13097038 16686
13097039 16686
13098028 16690
13098031 16690
13098032 16690
13098036 16690
13098039 16690
13098040 16690
13098041 16690
13098042 16690
13098043 16690
13098044 16690
13098045 16690
13098046 16690
13098047 16690
13098048 16690
13098049 16690
13098062 16691
13098066 16691
13099001 16691
13099003 16691
13099004 16691
13099005 16691
13099006 16691
13099007 16691
13099009 16691
13099010 16691
13099011 16691
13099013 16691
13099014 16691
13099015 16691
13099025 16693
13099026 16693
13099027 16693
13099028 16693
13099030 16693
13099031 16693
13099032 16693
13099033 16693
13099034 16693
13099035 16693
13099036 16693
13099037 16693
13099038 16693
13099044 16693
13099046 16693
13099056 16697
13099058 16697
13100001 16697
13100002 16697
13100003 16697
13100004 16697
13100005 16697
13100006 16697
13100008 16697
13100009 16697
13100010 16697
13100011 16697
13100012 16697
13100013 16697
13100014 16697
13100015 16697
13100025 16698
13100026 16698
13100027 16698
13100028 16698
13100029 16698
13100030 16698
13100031 16698
13100032 16698
13100033 16698
13100034 16698
13100035 16698
13100037 16698
13100038 16698
13100039 16698
13100040 16698
13100041 16698
13100042 16698
13100049 16699
13100051 16699
13100053 16699
13100054 16699
13100055 16699
13100056 16699
13100057 16699
13100060 16699
13101001 16699
13101002 16699
13101003 16699
13101004 16699
13101005 16699
13101006 16699
13101007 16699
13101013 16701
13101014 16701
13101015 16701
13101016 16701
13101021 16701
13101024 16701
13101026 16701
13101027 16701
13101038 16704
13101039 16704
13101040 16704
13101041 16704
13101042 16704
13101043 16704
13101044 16704
13101045 16704
13101047 16704
13101048 16704
13101049 16704
13101050 16704
13101058 16705
13101060 16705
13103003 16710
13103004 16710
13103007 16710
13103011 16710
13103012 16710
13103013 16710
13103014 16710
13103016 16710
13104003 16716
13104004 16716
13104008 16716
13104009 16716
13104011 16716
13104012 16716
13104013 16716
13104014 16716
13104018 16717
13104019 16717
13104022 16717
13104043 16720
13104044 16720
13104045 16720
13104046 16720
13104047 16720
13104050 16720
13104051 16720
13104052 16720
13104054 16720
13104056 16720
13104057 16720
13104058 16720
13104059 16720
13104060 16720
13104061 16720
13105006 16722
13105007 16722
13105008 16722
13105009 16722
13105010 16722
13105011 16722
13105012 16722
13105014 16722
13105015 16722
13105016 16722
13105017 16722
13105018 16722
13105022 16722
13105038 16723
13105039 16723
13105040 16723
13105041 16723
13105042 16723
13105044 16723
13105047 16723
13105048 16723
13105049 16723
13105050 16723
13105051 16723
13105052 16723
13105053 16723
13105054 16723
13105055 16723
13105056 16723
13105057 16723
13105061 16724
13105063 16724
13105065 16724
13105066 16724
13106001 16724
13106002 16724
13106003 16724
13106005 16724
13106006 16724
13106007 16724
13106008 16724
13106009 16724
13106010 16724
13106011 16724
13106012 16724
13106023 16725
13106024 16725
13106025 16725
13106035 16725
13106040 16725
13106042 16725
13106043 16725
13106044 16725
13106045 16725
13106046 16725
13106047 16725
13106049 16725
13106050 16725
13106051 16725
13106052 16725
13106053 16725
13106069 16726
13106071 16726
13106072 16726
13106073 16726
13106074 16726
13106075 16726
13106076 16726
13107001 16726
13107002 16726
13107003 16726
13107013 16727
13107015 16727
13107016 16727
13107017 16727
13107019 16727
13107021 16727
13107024 16727
13107025 16727
13107026 16727
13107027 16727
13107028 16727
13107029 16727
13107030 16727
13107031 16727
13107032 16727
13107033 16727
13107034 16727
13107059 16730
13107060 16730
13107062 16730
13108001 16730
13108002 16730
13108004 16730
13108008 16730
13108009 16730
13108010 16730
13108011 16730
13108012 16730
13108013 16730
13108016 16730
13108025 16731
13108028 16731
13108031 16731
13108040 16731
13108046 16731
13108072 16732
13108073 16732
13108075 16732
13109014 16735
13109015 16735
13109016 16735
13109018 16735
13109025 16735
13109026 16735
