13048042 16438 1444
13048043 16438 874
13048044 16438 212
13048045 16438 333
13048048 16438 389
13048049 16438 1436
13048050 16438 1414
13048051 16438 1642
13048052 16438 1510
13048053 16438 1448
13048087 16439 1371
13048088 16439 1364
13048089 16439 1393
13048090 16439 1393
13048091 16439 1451
13048092 16439 1474
13049004 16444 444
13049005 16444 225
13049006 16444 1853
13049031 16444 1392
13049032 16444 641
13049035 16444 1539
13049039 16444 1463
13049041 16444 335
13049042 16444 1243
13049045 16444 1443
13049046 16444 1471
13049047 16444 1558
13049048 16444 1246
13049050 16444 197
13049072 16445 1457
13049079 16445 232
13049080 16445 1492
13049081 16445 1494
13049082 16445 1748
13049086 16445 1438
13049087 16445 1417
13049088 16445 1433
13049092 16445 581
13049093 16445 1512
13049094 16445 1486
13049096 16445 601
13049098 16445 1494
13049099 16445 1478
13049101 16445 1455
13050001 16445 1194
13050002 16445 338
13050006 16447 2153
13050007 16447 379
13050008 16447 298
13050009 16447 1164
13050010 16447 244
13050011 16447 1478
13050012 16447 1492
13050014 16447 1702
13050016 16447 256
13050020 16447 1502
13050022 16447 1509
13050023 16447 1582
13050025 16447 483
13050026 16447 760
13050027 16447 570
13050028 16447 958
13050029 16447 1515
13050031 16447 413
13050032 16447 1487
13050033 16447 613
13050036 16447 1507
13050037 16447 585
13050038 16447 1549
13050039 16447 1016
13050041 16447 1225
13050042 16447 1538
13050043 16447 1303
13050044 16447 973
13050046 16447 1563
13050047 16447 1587
13050049 16447 1899
13050050 16447 255
13051006 16449 1727
13051007 16449 1783
13051008 16449 1498
13051009 16449 1487
13051010 16449 1490
13051011 16449 1595
13051012 16449 401
13051013 16449 229
13051014 16449 242
13051015 16449 1459
13051016 16449 1504
13051017 16449 1464
13051019 16449 1302
13051020 16449 1495
13051021 16449 1314
13051022 16449 1448
13051023 16449 1495
13051024 16449 826
13051026 16449 1512
13051028 16449 887
13051068 16450 1332
13051069 16450 1533
13051070 16450 1072
13051071 16450 1437
13051072 16450 1436
13051073 16450 1448
13051074 16450 1696
13051081 16450 479
13051082 16450 512
13051083 16450 1419
13051084 16450 934
13051085 16450 1454
13051086 16450 1477
13051087 16450 1216
13051088 16450 959
13051091 16450 1486
13051092 16450 1486
13051093 16450 1519
13051095 16450 186
13051099 16451 1527
13051101 16451 200
13052001 16451 1471
13052002 16451 1454
13052003 16451 1470
13052004 16451 1462
13052005 16451 1130
13052008 16451 366
13052009 16451 303
13052010 16451 1453
13052011 16451 1433
13052012 16451 1445
13052013 16451 1448
13052014 16451 1441
13052015 16451 293
13052016 16451 1145
13052017 16451 1464
13052018 16451 1469
13052036 16452 650
13052037 16452 1576
13052039 16452 1474
13052042 16452 1400
13052043 16452 1425
13052045 16452 1405
13052046 16452 1411
13052048 16452 1424
13052049 16452 303
13052050 16452 1490
13052051 16452 1451
13052052 16452 1479
13052056 16452 456
13052060 16452 591
13052061 16452 709
13052062 16452 292
13052064 16452 450
13052067 16452 1287
13052085 16453 261
13052087 16453 521
13052088 16453 1425
13053004 16453 1421
13053005 16453 1425
13053006 16453 1405
13053007 16453 1409
13053010 16453 463
13053011 16453 426
13053012 16453 1429
13053013 16453 1039
13053014 16453 320
13053015 16453 1439
13053022 16453 489
13053023 16453 1037
13053024 16453 295
13053025 16453 197
13053026 16453 2425
13053027 16453 1413
13053028 16453 1528
13053029 16453 694
13054004 16458 879
13054005 16458 304
13054006 16458 1501
13054007 16458 1473
13054008 16458 1482
13054009 16458 1504
13054010 16458 1456
13054011 16458 1458
13054012 16458 1461
13054013 16458 1534
13054014 16458 1494
13054015 16458 1469
13054016 16458 1512
13054017 16458 187
13054018 16458 1535
13054019 16458 1693
13054020 16458 874
13054021 16458 531
13054023 16458 342
13054042 16460 1511
13054043 16460 1401
13054044 16460 1424
13054047 16460 284
13054049 16460 920
13054050 16460 570
13054056 16460 353
13054058 16460 1198
13054060 16460 1364
13054061 16460 1305
13054062 16460 1337
13054063 16460 1791
13054064 16460 1560
13054065 16460 1609
13054066 16460 706
13054068 16460 1676
13054069 16460 1632
13054070 16460 1670
13054071 16460 1420
13054082 16461 1258
13054083 16461 1483
13054084 16461 1545
13054085 16461 1510
13055001 16461 1651
13055002 16461 332
13055003 16461 608
13055004 16461 862
13055006 16461 1287
13055007 16461 1323
13055008 16461 1311
13055009 16461 1261
13055010 16461 1283
13055011 16461 1378
13055014 16461 306
13055015 16461 1179
13055016 16461 1377
13055017 16461 1362
13055018 16461 1282
13055019 16461 1363
13055020 16461 1346
13055021 16461 1355
13055022 16461 1289
13055023 16461 307
13055024 16461 250
13055034 16462 1335
13055035 16462 1577
13055036 16462 1558
13055037 16462 1495
13055038 16462 1551
13055039 16462 616
13055067 16463 409
13055068 16463 1450
13055069 16463 1539
13055070 16463 298
13055071 16463 1591
13055072 16463 269
13055073 16463 1584
13055075 16463 1542
13055076 16463 1074
13055078 16463 270
13055079 16463 1285
13055080 16463 1581
13055081 16463 1584
13055082 16463 727
13055083 16463 243
13055085 16463 204
13055086 16463 809
13055087 16463 1537
13055088 16463 1610
13055089 16463 1851
13055090 16463 716
13056004 16464 267
13056005 16464 1277
13056007 16464 783
13056008 16464 1094
13056011 16464 1423
13056012 16464 616
13056017 16465 1452
13056020 16465 1525
13056021 16465 1545
13056022 16465 1500
13056023 16465 1514
13056024 16465 1535
13056025 16465 394
13056026 16465 489
13056027 16465 1559
13056028 16465 1493
13056029 16465 1534
13056030 16465 1571
13056031 16465 1507
13056032 16465 411
13056033 16465 1630
13056034 16465 191
13056035 16465 1574
13056037 16465 1592
13056038 16465 1608
13056039 16465 1309
13056048 16468 1922
13056050 16468 1635
13057005 16470 1419
13057006 16470 1194
13057007 16470 1614
13057008 16470 1530
13057009 16470 1628
13057010 16470 1524
13057011 16470 424
13057014 16470 1541
13057015 16470 1656
13057016 16470 1644
13057017 16470 1719
13057018 16470 1757
13057019 16470 972
13057021 16470 1820
13057022 16470 1949
13057023 16470 1991
13057024 16470 1945
13057025 16470 2006
13057026 16470 2085
13057027 16470 648
13057038 16472 199
13057042 16472 1461
13057043 16472 1377
13057044 16472 1539
13057045 16472 1525
13057046 16472 1592
13057047 16472 1196
13057048 16472 1188
13057049 16472 1629
13057050 16472 1583
13057051 16472 1627
13057052 16472 1584
13057053 16472 1889
13057055 16472 1645
13057056 16472 1616
13057057 16472 1591
13058001 16472 480
13058002 16472 1536
13058003 16472 1639
13058007 16475 372
13058008 16475 1596
13058012 16475 1938
13058013 16475 1744
13058014 16475 1676
13058015 16475 847
13058016 16475 1701
13058017 16475 1657
13058018 16475 1725
13058019 16475 1775
13058020 16475 1704
13058023 16475 1303
13058025 16475 1755
13058026 16475 1688
13058028 16475 1625
13058029 16475 1733
13058031 16475 1762
13058032 16475 877
13059002 16480 867
13059005 16480 1395
13059006 16480 1449
13059007 16480 1427
13059008 16480 1107
13059009 16480 1508
13059010 16480 1550
13059011 16480 1579
13059012 16480 1567
13059013 16480 1554
13059014 16480 1517
13059015 16480 814
13059016 16480 1552
13059017 16480 1612
13059018 16480 1613
13059020 16480 1617
13059021 16480 1560
13059022 16480 1644
13059023 16480 235
13059025 16480 1630
13059026 16480 1648
13059027 16480 662
13059033 16481 337
13059035 16481 331
13059037 16481 1662
13059038 16481 1675
13059039 16481 347
13059074 16484 286
13059076 16484 1559
13059077 16484 2257
13059078 16484 2139
13059079 16484 1630
13059080 16484 1126
13059082 16484 2069
13059083 16484 2135
13059084 16484 246
13059085 16484 2038
13059086 16484 1985
13059087 16484 1013
13059089 16484 618
13060001 16484 2096
13060002 16484 2096
13060003 16484 979
13060005 16487 685
13060007 16487 741
13060008 16487 1500
13060009 16487 1532
13060010 16487 203
13060011 16487 1612
13060012 16487 1323
13061017 16494 745
13061019 16494 872
13061024 16494 1642
13061025 16494 1367
13061029 16494 1643
13061030 16494 1725
13061031 16494 1791
13061035 16494 931
13061053 16496 1844
13061054 16496 2137
13061055 16496 2291
13061056 16496 1607
13061059 16496 1816
13062001 16496 1599
13062002 16496 783
13062004 16496 1619
13062005 16496 1645
13062006 16496 1626
13062007 16496 1652
13062013 16497 1652
13062014 16497 191
13062023 16498 338
13062025 16498 1648
13062026 16498 1833
13062027 16498 1624
13062028 16498 1668
13062029 16498 1694
13062031 16498 1074
13062036 16498 682
13062042 16498 200
13062044 16498 376
13062045 16498 637
13062046 16498 879
13062047 16498 1221
13062049 16498 1571
13062050 16498 1480
13062053 16498 638
13062057 16498 294
13062059 16498 1893
13062061 16498 1115
13062062 16498 2068
13062063 16498 1827
13063006 16502 362
13063008 16502 594
13063009 16502 1551
13063010 16502 1542
13063011 16502 1547
13063012 16502 418
13063017 16502 363
13063019 16502 540
13063020 16502 300
13063022 16502 1549
13063023 16502 1529
13063025 16502 560
13063029 16502 642
13063030 16502 1593
13063031 16502 1476
13063032 16502 1497
13063034 16502 2074
13063035 16502 2005
13063036 16502 2488
13063051 16504 1530
13063052 16504 432
13063053 16504 1985
13063054 16504 1949
13063059 16505 1709
13063060 16505 309
13063061 16505 2097
13063062 16505 2202
13063063 16505 487
13063064 16505 479
13063065 16505 1108
13063067 16505 1108
13063068 16505 2062
13063070 16505 282
13063071 16505 628
13063072 16505 1378
13063073 16505 2145
13063074 16505 1783
13063076 16505 2373
13064001 16505 1739
13064002 16505 2655
13064003 16505 1572
13064004 16505 1541
13064005 16505 701
13064006 16505 269
13064009 16506 420
13064012 16506 765
13064014 16506 1873
13064020 16506 1592
13064021 16506 1512
13064022 16506 1451
13064023 16506 1565
13064024 16506 2288
13064025 16506 2034
13064026 16506 1349
13064027 16506 2016
13064028 16506 1654
13064029 16506 2397
13064031 16506 2171
13064032 16506 1388
13065004 16509 368
13065012 16509 585
13065025 16509 1402
13065048 16511 2065
13065049 16511 2081
13065050 16511 2209
13065052 16511 1654
13065053 16511 2082
13065055 16511 1717
13065056 16511 2144
13065058 16511 1588
13065059 16511 1687
13065060 16511 2584
13066004 16512 289
13066009 16512 610
13066012 16512 408
13066015 16512 565
13066019 16512 256
13066021 16512 1533
13066022 16512 1523
13066023 16512 1493
13066024 16512 1546
13066025 16512 1533
13066026 16512 1503
13066027 16512 1561
13066028 16512 1580
13066029 16512 1576
13066030 16512 1532
13066031 16512 1540
13066033 16512 1617
13066034 16512 1661
13066035 16512 1819
13066036 16512 598
13068057 16525 1585
13068058 16525 1739
13068059 16525 1833
13068060 16525 1716
13068084 16529 213
13068085 16529 1523
13068086 16529 1593
13068087 16529 1930
13068090 16529 2632
13069001 16529 3790
13069002 16529 1713
13069003 16529 1023
13069004 16529 1890
13069005 16529 1504
13069006 16529 1592
13069007 16529 1748
13069008 16529 1567
13069013 16530 1690
13069014 16530 1937
13069016 16530 1647
13069017 16530 1768
13069018 16530 1661
13069020 16530 352
13069021 16530 1843
13069022 16530 1893
13069023 16530 1855
13069024 16530 704
13069026 16530 1570
13069027 16530 1036
13069030 16530 1887
13069031 16530 305
13069035 16530 1798
13070017 16534 1775
13070018 16534 518
13070020 16534 1750
13070021 16534 342
13070022 16534 1808
13070024 16534 328
13070025 16534 1721
13070026 16534 1613
13070027 16534 1459
13070050 16538 991
13070051 16538 406
13070052 16538 683
13070054 16538 432
13070056 16538 2028
13070058 16538 2015
13070059 16538 625
13070065 16538 394
13071003 16538 1675
13071004 16538 1503
13071005 16538 1509
13071008 16538 630
13071009 16538 543
13071010 16538 1620
13071011 16538 1603
13071012 16538 1798
13071028 16541 1644
13071029 16541 1510
13071031 16541 1756
13071032 16541 1850
13071033 16541 1693
13071035 16541 719
13071041 16541 2451
13071042 16541 1187
13071043 16541 1732
13071045 16541 1912
13071046 16541 816
13071048 16541 1394
13071049 16541 201
13071050 16541 2137
13071051 16541 505
13071054 16541 217
13071055 16541 1780
13071064 16543 1635
13072001 16543 1554
13072002 16543 1680
13072003 16543 1800
13072004 16543 1154
13072005 16543 1743
13072006 16543 386
13072007 16543 1675
13072008 16543 1927
13072009 16543 1647
13072010 16543 1468
13072011 16543 1590
13072014 16543 918
13072015 16543 1072
13072016 16543 2274
13072017 16543 1604
13072018 16543 1580
13072019 16543 789
13072020 16543 988
