fill 16438
manually kicked 16438 74 1 1
26 26 26 23 3 23
    3 3 3 0
fill 16439
24 26 26 26 0 24
    0 2 2 2
fill 16444
24 26 26 26 0 24
    0 2 2 2
fill 16445
manually kicked 16445 69 1 1
26 26 24 25 2 24
    2 2 0 1
fill 16447
26 26 24 26 2 24
    2 2 0 2
fill 16449
26 24 26 26 1 24
    2 0 2 2
fill 16450
manually kicked 16450 59 -1 1
26 25 26 24 3 24
    2 1 2 0
fill 16451
24 26 26 26 0 24
    0 2 2 2
fill 16452
26 26 24 26 2 24
    2 2 0 2
fill 16453
26 24 26 26 1 24
    2 0 2 2
fill 16458
26 26 26 24 3 24
    2 2 2 0
fill 16460
manually kicked 16460 45 -1 1
manually kicked 16460 86 1 -1
manually kicked 16460 94 1 -1
24 25 24 26 0 24
    0 1 0 2
fill 16461
manually kicked 16461 6 -1 -1
25 26 24 26 2 24
    1 2 0 2
fill 16462
manually kicked 16462 110 -1 -1
25 26 24 26 2 24
    1 2 0 2
fill 16463
manually kicked 16463 66 -1 1
26 23 26 26 1 23
    3 0 3 3
fill 16464
26 26 26 24 3 24
    2 2 2 0
fill 16465
24 26 26 26 0 24
    0 2 2 2
fill 16468
manually kicked 16468 51 -1 -1
25 26 24 26 2 24
    1 2 0 2
fill 16470
26 24 26 26 1 24
    2 0 2 2
fill 16472
26 26 26 24 3 24
    2 2 2 0
fill 16475
24 26 26 26 0 24
    0 2 2 2
fill 16480
26 26 24 26 2 24
    2 2 0 2
fill 16481
26 24 26 26 1 24
    2 0 2 2
fill 16484
manually kicked 16484 4 1 -1
26 24 25 26 1 24
    2 0 1 2
fill 16487
manually kicked 16487 22 1 1
26 26 24 25 2 24
    2 2 0 1
fill 16494
26 26 26 24 3 24
    2 2 2 0
fill 16496
23 25 26 26 0 23
    0 2 3 3
fill 16497
26 24 26 26 1 24
    2 0 2 2
fill 16498
26 24 26 26 1 24
    2 0 2 2
fill 16502
26 26 24 26 2 24
    2 2 0 2
fill 16504
26 26 24 26 2 24
    2 2 0 2
fill 16505
26 26 24 26 2 24
    2 2 0 2
fill 16506
26 26 24 26 2 24
    2 2 0 2
fill 16509
26 26 24 26 2 24
    2 2 0 2
fill 16511
26 26 24 26 2 24
    2 2 0 2
fill 16512
26 26 26 24 3 24
    2 2 2 0
fill 16525
26 26 26 24 3 24
    2 2 2 0
fill 16529
23 25 26 26 0 23
    0 2 3 3
fill 16530
26 24 26 26 1 24
    2 0 2 2
fill 16534
26 26 24 26 2 24
    2 2 0 2
fill 16538
26 26 26 24 3 24
    2 2 2 0
fill 16541
23 25 26 26 0 23
    0 2 3 3
fill 16543
26 24 26 26 1 24
    2 0 2 2
