13040001
13051064
13061027
13094085
13115041
13141048
13040002
13051065
13061029
13094085
13116001
13142002
13040003
13051066
13061030
13094085
13116002
13142003
13040003
13051067
13061031
13094085
13116003
13142004
13040004
13051068
13061032
13094085
13116004
13142005
13040005
13051068
13061033
13094085
13116005
13142006
13040006
13051069
13061034
13094085
13116006
13142007
13040007
13051069
13061035
13094085
13116007
13142008
13040007
13051070
13061037
13094085
13116008
13142009
13040008
13051070
13061042
13094085
13116009
13142010
13040009
13051071
13061053
13094085
13116010
13142015
13040010
13051071
13061054
13094085
13116011
13142016
13040011
13051072
13061055
13094085
13116012
13142017
13040012
13051072
13061056
13094085
13116020
13142018
13040013
13051073
13061057
13094085
13116021
13142021
13040014
13051073
13061058
13094085
13116022
13142022
13040015
13051074
13061059
13094085
13116023
13142023
13040016
13051074
13061060
13094085
13116024
13142024
13040017
13051074
13061061
13094085
13116025
13142025
13040018
13051075
13062001
13094085
13116026
13142026
13040018
13051076
13062002
13094085
13116027
13142027
13040019
13051077
13062003
13094085
13116028
13142028
13040020
13051078
13062004
13094085
13116029
13142029
13040021
13051079
13062005
13094085
13116030
13142030
13040022
13051080
13062006
13094085
13116031
13142031
13040023
13051081
13062007
13094085
13116032
13142032
13040024
13051082
13062010
13094085
13116033
13142033
13040025
13051082
13062011
13094085
13116034
13142034
13040026
13051083
13062012
13094085
13116035
13142035
13040027
13051083
13062013
13094085
13116036
13142036
13040028
13051084
13062023
13094085
13116037
13142037
13040029
13051085
13062024
13094085
13116038
13142038
13040030
13051085
13062025
13094085
13116039
13142041
13040031
13051086
13062026
13094085
13116040
13142042
13040032
13051086
13062027
13094085
13116041
13142043
13040033
13051087
13062028
13094085
13116042
13142044
13040034
13051087
13062029
13094085
13116043
13142045
13040035
13051088
13062031
13094085
13116044
13142048
13040037
13051088
13062031
13094085
13116045
13142049
13040040
13051089
13062032
13094085
13116046
13143001
13040040
13051090
13062033
13094085
13116047
13143003
13040041
13051091
13062036
13094085
13116048
13143005
13040041
13051091
13062036
13094085
13116051
13143007
13040042
13051092
13062037
13094085
13116053
13143011
13040042
13051092
13062038
13094085
13116054
13143012
13040043
13051093
13062039
13094085
13116061
13143013
13040043
13051093
13062040
13094085
13116062
13143014
13040044
13051093
13062041
13094085
13116063
13143015
13040044
13051095
13062042
13094085
13116064
13143016
13040045
13051098
13062043
13094085
13116065
13143017
13040045
13051099
13062044
13094085
13116066
13143018
13040046
13051099
13062045
13094085
13116067
13143019
13040047
13051099
13062045
13094085
13116068
13143020
13040049
13051100
13062046
13094085
13116069
13143021
13040050
13051101
13062046
13094085
13116070
13143022
13040051
13051102
13062047
13094085
13116071
13143023
13040052
13052001
13062047
13094085
13116072
13143024
13040053
13052001
13062049
13094085
13116073
13143025
13040054
13052002
13062049
13094085
13116075
13143026
13040055
13052003
13062050
13094085
13116076
13143027
13040057
13052003
13062050
13094085
13116077
13143029
13040058
13052004
13062052
13094085
13116078
13143030
13040059
13052004
13062053
13094085
13116079
13143031
13040060
13052005
13062053
13094085
13116080
13143032
13040063
13052005
13062054
13094085
13116081
13143033
13040064
13052006
13062055
13094085
13116082
13143034
13040065
13052007
13062056
13094085
13116083
13143035
13040066
13052008
13062057
13094085
13116084
13143036
13040067
13052009
13062058
13094085
13116085
13143037
13040068
13052010
13062059
13094085
13116086
13143038
13040069
13052010
13062059
13094085
13116087
13143039
13040070
13052011
13062059
13094085
13116088
13143046
13040072
13052011
13062060
13094085
13116089
13143048
13040073
13052012
13062061
13094085
13116090
13143054
13040082
13052012
13062061
13094085
13116091
13143055
13040083
13052013
13062062
13094085
13116092
13143056
13040084
13052013
13062062
13094085
13116093
13143057
13040085
13052014
13062062
13094085
13116094
13143058
13040086
13052014
13062063
13094085
13116095
13143059
13040088
13052015
13062063
13094085
13116096
13143061
13040089
13052016
13062063
13094085
13116097
13143062
13040089
13052016
13075003
13094085
13116098
13144001
13040090
13052017
13075004
13094085
13116099
13144002
13040090
13052017
13075006
13094085
13116100
13144003
13040090
13052018
13075008
13094085
13116101
13144004
13040092
13052018
13075009
13094085
13116102
13144006
13040095
13052019
13075013
13094085
13117003
13144007
13040112
13052019
13075015
13094085
13117004
13144009
13040113
13052020
13075016
13094085
13117005
13144010
13040114
13052020
13075017
13094085
13117006
13144012
13040115
13052020
13075018
13094085
13117007
13144018
13040116
13052021
13075019
13094085
13117008
13144019
13040117
13052021
13075020
13094085
13117009
13144020
13040118
13052021
13075021
13094085
13117010
13144021
13040119
13052022
13075022
13094085
13117011
13144022
13040119
13052026
13075023
13094085
13117012
13144024
13040120
13052026
13075024
13094085
13117013
13144025
13040122
13052027
13075025
13094085
13117015
13144026
13040123
13052028
13075030
13094085
13117016
13144027
13040123
13052030
13075031
13094085
13117017
13144028
13040126
13052032
13075032
13094085
13117018
13144029
13040127
13052033
13075033
13094085
13117020
13144030
13040128
13052034
13075034
13094085
13117021
13144031
13040129
13052035
13075035
13094085
13117022
13144032
13040131
13052036
13075036
13094085
13117023
13144033
13040132
13052036
13075040
13094085
13117024
13144034
13040133
13052037
13075041
13094085
13117025
13144037
13040134
13052037
13075042
13094085
13117026
13144045
13040134
13052038
13075044
13094085
13117027
13144046
13040135
13052039
13075045
13094085
13117028
13144047
13040136
13052039
13076002
13094085
13117029
13144048
13040137
13052040
13076005
13094085
13117030
13144051
13040138
13052041
13076006
13094085
13117031
13144052
13040139
13052042
13076007
13094085
13117032
13144054
13040140
13052042
13076008
13094085
13117033
13144055
13040141
13052043
13076009
13094085
13117034
13144056
13040142
13052043
13076010
13094085
13117035
13144057
13041002
13052045
13076011
13094085
13117036
13144058
13041002
13052045
13076013
13094085
13117037
13144059
13041003
13052046
13076014
13094085
13117038
13144060
13041004
13052046
13076015
13094085
13117039
13144061
13041005
13052047
13076016
13094085
13117040
13144063
13041006
13052048
13076017
13094085
13117041
13144064
13041006
13052048
13076018
13094085
13117047
13144065
13041007
13052049
13076019
13094085
13117048
13144066
13041007
13052050
13076020
13094085
13117050
13144067
13041007
13052050
13076021
13094085
13117051
13144069
13041008
13052051
13076022
13094085
13117052
13144070
13041008
13052051
13076023
13094085
13117053
13144072
13041008
13052052
13076024
13094086
13117054
13144077
13041009
13052052
13076025
13094086
13117055
13144082
13041009
13052053
13076026
13094086
13117056
13144083
13041010
13052053
13076027
13094086
13117057
13144084
13041010
13052053
13076036
13094086
13117058
13144085
13041011
13052054
13076037
13094086
13117059
13144086
13041012
13052055
13076039
13094086
13118001
13144087
13041013
13052056
13076040
13094086
13118002
13144088
13041014
13052059
13076042
13094087
13118003
13144089
13041015
13052060
13076043
13094087
13118004
13144090
13041016
13052060
13076044
13094087
13118005
13144091
13041022
13052061
13076045
13094087
13118006
13144092
13041022
13052061
13076046
13094087
13118007
13144096
13041023
13052062
13076047
13094087
13118009
13144097
13041050
13052063
13076048
13094087
13118010
13144098
13041051
13052064
13076049
13094087
13118011
13144100
13041052
13052065
13076050
13094087
13118012
13144101
13041053
13052066
13076051
13094087
13118013
13144103
13041054
13052067
13076052
13094087
13118014
13144104
13041055
13052067
13076053
13094087
13118015
13144105
13041056
13052068
13076054
13094087
13118016
13144106
13041057
13052069
13077001
13094087
13118017
13144107
13041058
13052070
13077002
13094087
13118018
13144108
13041059
13052071
13077003
13094087
13118019
13144109
13041060
13052071
13077004
13094087
13118020
13144110
13041061
13052072
13077005
13094087
13118021
13144111
13041062
13052073
13077006
13094087
13118022
13144112
13041063
13052074
13077007
13094087
13118023
13144113
13041064
13052075
13077008
13094087
13118024
13144115
13041065
13052076
13077009
13094087
13118032
13144116
13041066
13052077
13077010
13094087
13118033
13144117
13041066
13052078
13077011
13094087
13118034
13144118
13041066
13052079
13077012
13094087
13118035
13144119
13041067
13052083
13077013
13094087
13118036
13144120
13041068
13052084
13077014
13094087
13118037
13144121
13041069
13052085
13077015
13094087
13118038
13144122
13041070
13052086
13077016
13094087
13118039
13145001
13041074
13052087
13077017
13094087
13118040
13145004
13041074
13052087
13077019
13094087
13118041
13145005
13041075
13052088
13077020
13094087
13118042
13145006
13041076
13052088
13077021
13094087
13118043
13145007
13041077
13053003
13077023
13094087
13118044
13145008
13041079
13053004
13077024
13094087
13118045
13145009
13041080
13053004
13077025
13094087
13118046
13145010
13041081
13053005
13077026
13094087
13118050
13145012
13041082
13053005
13077027
13094087
13118051
13145014
13041082
13053006
13077030
13094087
13118052
13145015
13041084
13053006
13077031
13094087
13118053
13145016
13041085
13053007
13077032
13094087
13120001
13145017
13041091
13053007
13077033
13094087
13120002
13145018
13041092
13053008
13077035
13094087
13120003
13145019
13041093
13053009
13077036
13094087
13120004
13145020
13041094
13053010
13077037
13094087
13120005
13145021
13041095
13053011
13077038
13094087
13120006
13145022
13041096
13053012
13077039
13094087
13120007
13145023
13041097
13053012
13077040
13094087
13120008
13145031
13041098
13053013
13077041
13094087
13120009
13145032
13041099
13053013
13077042
13094087
13120010
13145033
13041100
13053014
13077043
13094087
13120012
13145035
13041101
13053015
13077045
13094087
13120013
13145036
13041101
13053015
13077046
13094087
13120014
13145037
13041102
13053016
13077047
13094087
13120015
13145038
13041102
13053019
13077049
13094087
13120022
13145041
13041106
13053020
13077050
13094087
13120023
13145042
13041107
13053021
13077057
13094087
13120024
13145043
13041108
13053022
13077059
13094087
13120025
13145044
13041108
13053023
13077060
13094087
13120026
13145045
13041109
13053023
13077061
13094087
13120027
13145046
13041109
13053024
13077062
13094087
13120028
13145047
13041110
13053025
13077063
13094087
13120029
13145048
13041110
13053026
13077064
13094087
13120030
13145049
13041112
13053026
13077066
13094087
13120031
13145050
13041113
13053026
13077067
13094087
13120032
13145051
13041114
13053027
13077068
13094087
13120033
13145052
13041115
13053027
13077069
13094087
13120036
13145053
13041115
13053028
13077070
13094087
13120037
13145054
13041116
13053028
13077071
13094087
13120038
13145055
13041116
13053028
13077073
13094087
13120039
13145056
13041116
13053029
13077075
13094087
13120040
13145057
13041117
13053029
13077076
13094087
13120041
13145058
13041118
13053035
13077077
13094087
13120042
13145059
13041119
13053036
13077078
13094087
13120043
13146001
13041119
13053037
13077079
13094087
13120044
13146002
13042001
13053038
13077081
13094087
13120047
13146003
13042001
13053039
13078001
13094087
13120048
13146004
13042001
13053040
13078002
13094087
13120049
13146007
13042002
13053040
13078003
13094087
13120050
13146008
13042002
13053042
13078004
13094087
13121001
13146009
13042003
13053043
13078005
13094087
13121002
13146010
13042003
13053044
13078006
13094087
13121003
13146011
13042005
13053045
13078007
13094087
13121004
13146012
13042006
13053046
13078009
13094087
13121005
13146013
13042006
13053047
13078010
13094087
13121006
13146014
13042007
13053048
13078011
13094087
13121007
13146015
13042007
13053049
13078012
13094087
13121008
13146016
13042008
13053050
13078013
13094087
13121013
13146017
13042008
13053051
13078014
13094087
13121014
13146018
13042009
13053052
13078024
13094087
13121015
13146019
13042010
13053053
13078026
13094087
13121016
13146020
13042011
13053055
13078028
13094087
13121017
13146021
13042012
13053056
13078029
13094087
13121018
13146022
13042013
13053057
13078030
13094087
13121019
13146023
13042013
13053057
13078031
13094087
13121020
13146024
13042014
13053059
13078032
13094087
13121021
13146025
13042015
13053059
13078033
13094087
13121022
13146026
13042016
13053061
13078034
13094087
13121023
13146027
13042016
13053062
13078035
13094087
13121024
13146028
13042017
13053063
13078036
13094087
13121025
13146029
13042017
13053064
13078037
13094087
13121026
13146030
13042018
13053065
13078038
13094087
13121027
13146032
13042018
13053066
13078039
13094087
13121028
13146033
13042019
13053067
13078040
13094087
13121029
13146034
13042019
13053068
13078041
13094087
13121030
13146035
13042020
13053069
13078042
13094087
13121031
13146036
13042021
13053070
13078043
13094087
13121032
13146037
13042022
13053071
13078045
13094087
13121033
13146038
13042022
13053072
13078046
13094087
13121034
13146039
13042022
13053073
13078047
13094087
13121043
13146040
13042023
13053074
13078048
13094087
13121044
13146041
13042023
13053076
13078049
13094087
13121045
13146042
13042024
13053077
13078050
13094087
13121046
13146043
13042024
13053078
13078051
13094087
13121047
13146044
13042025
13053079
13078052
13094087
13121048
13146045
13042025
13053080
13078053
13094087
13121049
13146046
13042026
13053081
13078054
13094087
13121050
13146047
13042026
13053082
13078055
13094087
13121051
13146048
13042027
13053083
13078056
13094087
13121052
13146049
13042027
13053084
13078057
13094087
13121053
13146050
13042027
13053085
13078058
13094087
13121054
13146051
13042028
13053086
13078059
13094087
13121055
13146052
13042029
13053087
13078060
13094087
13121056
13146053
13042030
13053088
13078061
13094087
13121057
13146054
13042031
13053089
13078063
13094087
13121060
13146055
13042031
13053090
13078065
13094087
13121061
13146056
13042031
13053092
13078066
13094087
13121062
13146057
13042032
13053093
13078067
13094087
13121063
13146058
13042033
13053094
13078068
13094087
13122001
13146059
13042034
13053095
13078069
13094087
13122002
13147001
13042035
13053096
13078070
13094087
13122003
13147002
13042036
13053097
13079001
13094087
13122004
13147003
13042044
13053098
13079002
13094087
13122005
13147004
13042045
13053099
13079003
13094087
13122006
13147005
13042046
13053100
13079004
13094087
13122007
13147006
13042046
13053101
13079006
13094087
13122008
13147012
13042047
13053102
13079013
13094087
13122009
13147013
13042047
13053103
13079014
13094087
13122012
13147014
13042048
13053104
13079015
13094087
13122013
13147015
13042048
13053105
13079016
13094087
13122014
13147016
13042048
13053106
13079017
13094087
13122015
13147017
13042049
13053107
13079018
13094087
13122016
13147018
13042049
13053108
13079019
13094087
13122017
13147019
13042050
13053109
13079020
13094087
13122018
13147020
13042050
13053110
13079021
13094087
13122019
13147021
13042051
13053111
13079022
13094087
13122020
13147023
13042052
13053112
13079023
13094087
13122021
13147024
13042055
13053114
13079024
13094087
13122022
13147025
13042056
13053115
13079025
13094087
13122023
13147026
13042059
13053116
13079026
13094087
13122025
13147027
13042060
13053121
13079027
13094087
13122026
13147028
13042061
13053122
13079028
13094087
13122032
13147029
13042062
13053123
13079029
13094087
13122034
13147030
13042063
13053124
13079030
13094087
13122035
13147031
13042064
13053126
13079031
13094087
13122036
13147033
13042065
13053127
13079032
13094087
13122037
13147034
13042066
13053127
13079033
13094087
13122038
13147035
13042067
13053127
13079034
13094087
13122039
13147036
13042068
13053127
13079035
13094087
13122040
13147037
13042069
13054003
13079036
13094087
13122041
13147038
13042070
13054004
13079037
13094087
13122042
13147043
13043001
13054004
13079038
13094087
13122043
13147044
13043001
13054005
13079039
13094087
13122044
13147045
13043004
13054006
13079040
13094087
13122045
13147046
13043005
13054006
13079041
13094087
13122049
13147047
13043005
13054007
13079042
13094087
13122050
13147048
13043006
13054007
13079043
13094087
13122051
13147054
13043006
13054008
13079044
13094087
13122052
13147055
13043008
13054008
13079045
13094087
13122053
13147056
13043009
13054009
13079046
13094087
13123001
13147057
13043010
13054009
13079048
13094087
13123004
13147058
13043011
13054010
13079049
13094087
13123005
13147059
13043011
13054010
13079050
13094087
13123006
13147060
13043012
13054011
13079051
13094087
13123007
13147061
13043012
13054011
13079057
13094087
13123008
13148002
13043013
13054012
13079065
13094087
13123009
13148003
13043013
13054012
13079069
13094087
13123010
13148004
13043015
13054013
13079070
13094087
13123011
13148005
13043016
13054013
13079071
13094087
13123012
13148006
13043017
13054014
13079073
13094087
13123013
13148007
13043017
13054014
13079074
13094087
13123014
13148008
13043018
13054015
13079075
13094087
13123015
13148009
13043019
13054015
13079076
13094087
13123016
13148010
13043021
13054016
13079077
13094087
13123017
13148011
13043022
13054016
13079078
13094087
13123018
13148012
13043022
13054017
13079079
13094087
13123019
13148013
13043023
13054018
13080001
13094087
13123020
13148014
13043023
13054018
13080002
13094087
13123021
13148015
13043024
13054019
13080003
13094087
13123022
13148019
13043026
13054019
13080004
13094087
13123023
13148020
13043027
13054019
13080005
13094087
13123028
13148021
13043027
13054020
13080008
13094087
13123029
13148023
13043028
13054020
13080009
13094087
13123030
13148024
13043029
13054021
13080010
13094087
13123032
13148025
13043029
13054021
13080011
13094087
13123033
13148027
13043029
13054022
13080012
13094087
13123034
13148028
13043030
13054023
13080013
13094087
13123035
13148029
13043030
13054042
13080014
13094087
13123037
13148030
13043030
13054042
13080015
13094087
13123038
13148031
13043031
13054042
13080020
13094087
13123039
13148032
13043032
13054043
13080021
13094087
13123040
13148033
13043032
13054043
13080022
13094087
13123041
13148034
13043032
13054044
13080078
13094087
13124001
13148035
13043033
13054044
13080079
13094087
13124004
13148036
13043034
13054045
13080080
13094087
13124005
13148037
13043034
13054046
13080081
13094087
13124006
13148038
13043035
13054047
13080082
13094087
13124007
13148039
13043035
13054048
13080083
13094087
13124008
13148040
13043035
13054049
13080084
13094087
13124009
13148041
13043036
13054049
13080085
13094087
13124010
13148042
13043037
13054050
13080086
13094087
13124011
13148043
13043038
13054053
13080087
13094087
13124012
13148044
13043043
13054054
13080088
13094087
13124013
13148045
13043044
13054055
13080089
13094087
13124014
13148046
13043044
13054056
13080090
13094087
13124015
13148047
13043045
13054057
13080091
13094087
13124020
13148048
13043046
13054058
13080092
13094087
13124021
13148049
13043046
13054058
13080093
13094087
13124023
13148050
13043046
13054059
13080094
13094087
13124024
13148052
13043047
13054060
13080095
13094088
13124025
13148053
13043047
13054060
13080096
13094088
13124027
13148054
13043048
13054061
13080097
13094088
13124028
13149006
13043048
13054061
13080098
13094088
13124029
13149007
13043049
13054062
13080099
13094088
13124032
13149008
13043049
13054062
13081001
13094088
13124033
13149009
13043050
13054063
13081003
13094088
13124034
13149010
13043050
13054063
13081004
13094088
13124035
13149011
13043051
13054063
13081005
13094088
13124036
13149012
13043052
13054064
13081006
13094088
13124037
13149013
13043052
13054064
13081007
13094088
13124038
13149014
13043052
13054064
13081008
13094088
13124039
13149015
13043053
13054065
13081014
13094088
13124040
13149016
13043053
13054065
13081015
13094088
13124041
13149017
13043053
13054065
13081018
13094088
13124042
13149018
13043054
13054066
13081019
13094088
13124043
13149019
13043054
13054066
13081020
13094088
13124044
13149020
13043054
13054067
13082001
13094088
13124045
13149021
13043055
13054067
13082002
13094088
13124046
13149022
13043055
13054068
13082003
13094088
13124047
13149023
13043055
13054068
13082004
13094088
13124048
13149024
13043056
13054068
13082005
13094089
13124051
13149025
13043056
13054069
13082006
13094090
13124053
13149026
13043056
13054069
13082007
13094091
13124054
13149027
13043057
13054069
13082008
13094092
13124055
13149028
13043057
13054070
13082009
13094093
13124056
13149029
13043058
13054070
13082010
13095001
13124057
13149030
13043058
13054070
13082011
13095002
13124058
13149031
13043059
13054071
13082012
13095003
13125001
13149032
13043059
13054071
13082013
13095004
13125002
13149033
13043059
13054081
13082014
13095005
13125003
13149034
13043060
13054082
13083003
13095006
13125004
13149041
13043060
13054082
13083005
13095007
13125005
13149042
13043061
13054083
13083006
13095008
13125006
13149043
13043062
13054083
13083008
13095009
13125009
13149044
13043063
13054084
13083009
13095010
13125010
13149045
13044001
13054084
13083010
13095011
13125011
13149046
13044005
13054084
13083011
13095012
13125012
13149047
13044006
13054085
13083012
13095013
13125013
13149048
13044007
13054085
13083013
13095014
13125014
13149049
13044008
13054085
13083014
13095015
13125015
13149050
13044009
13055001
13083015
13095016
13125016
13149051
13044010
13055001
13083016
13095017
13125019
13149052
13044010
13055001
13083017
13095026
13125020
13150001
13044011
13055002
13083018
13095027
13125021
13150002
13044011
13055003
13083019
13095028
13125022
13150003
13044012
13055003
13083020
13095041
13125023
13150004
13044012
13055004
13083021
13095042
13125024
13150005
13044013
13055004
13083022
13095043
13125025
13150006
13044013
13055005
13083023
13095044
13125026
13150007
13044015
13055006
13083024
13095045
13125027
13150008
13044015
13055006
13083025
13095046
13125028
13150009
13044015
13055007
13083026
13095047
13125029
13150010
13044016
13055007
13083027
13095048
13125030
13150011
13044017
13055008
13083028
13095049
13125031
13150012
13044017
13055008
13083029
13096001
13125032
13150013
13044018
13055009
13083030
13096002
13125035
13150014
13044018
13055009
13083033
13096003
13125036
13150019
13044019
13055010
13083034
13096004
13125037
13150021
13044019
13055010
13083036
13096005
13125042
13150022
13044020
13055011
13083037
13096006
13125045
13150023
13044020
13055011
13083038
13096008
13125046
13150024
13044021
13055012
13083039
13096010
13125047
13150025
13044021
13055013
13083040
13096011
13125048
13150026
13044022
13055014
13083041
13096012
13125049
13150027
13044022
13055015
13083042
13096013
13125050
13150028
13044022
13055015
13083044
13096014
13125051
13150029
13044023
13055016
13083046
13096015
13125052
13150030
13044023
13055016
13083048
13096016
13125053
13150031
13044023
13055017
13083049
13096018
13125054
13150032
13044024
13055017
13083050
13096019
13125055
13150033
13044024
13055018
13083058
13096020
13126001
13150034
13044024
13055018
13083059
13096021
13126002
13150035
13044025
13055019
13083066
13096022
13126003
13150036
13044025
13055019
13083067
13096023
13126004
13150037
13044025
13055020
13083068
13096024
13126005
13150038
13044026
13055020
13083069
13096031
13126007
13150039
13044026
13055021
13083070
13096032
13126008
13150042
13044028
13055021
13083071
13096033
13126011
13151004
13044029
13055022
13083073
13096034
13126012
13151005
13044029
13055022
13083074
13096035
13126013
13151006
13044030
13055023
13083076
13096036
13126014
13151007
13044030
13055024
13083078
13096038
13126015
13151008
13044031
13055025
13083079
13096041
13126016
13151009
13044031
13055025
13083081
13096042
13126017
13151010
13044033
13055032
13083082
13096043
13126018
13151011
13044034
13055033
13083084
13096044
13126019
13151012
13044035
13055034
13084001
13096045
13126020
13151013
13044036
13055034
13084002
13096046
13126021
13151014
13044037
13055035
13084003
13096047
13126022
13151015
13044042
13055035
13084004
13096055
13126023
13151016
13044043
13055036
13084005
13096056
13126024
13151017
13044044
13055036
13084006
13096057
13126025
13151018
13044045
13055036
13084007
13096058
13126030
13151032
13044101
13055037
13084008
13096059
13126031
13151033
13044103
13055037
13084009
13096060
13126032
13151034
13044104
13055038
13084010
13096061
13126033
13151035
13044105
13055038
13084011
13096062
13126034
13151036
13044106
13055039
13084012
13096063
13126035
13151037
13044107
13055039
13084013
13096064
13126036
13151039
13044108
13055040
13084021
13096065
13126037
13151040
13044109
13055041
13084022
13096066
13126038
13151046
13044110
13055042
13084023
13096067
13126039
13151047
13044114
13055043
13084024
13096068
13126040
13151054
13044117
13055043
13084027
13096069
13126041
13151056
13044118
13055044
13084028
13096070
13126042
13151057
13044119
13055046
13084029
13097001
13126043
13151059
13044120
13055047
13084030
13097002
13126044
13151062
13044121
13055048
13084031
13097003
13126045
13151065
13044122
13055049
13084032
13097004
13126046
13151066
13044122
13055052
13084033
13097005
13126049
13151067
13044122
13055055
13084034
13097006
13126050
13152001
13044123
13055056
13084035
13097007
13126051
13152003
13044123
13055061
13084036
13097011
13126052
13152004
13044124
13055062
13084037
13097012
13126053
13152005
13044124
13055063
13084038
13097013
13126054
13152006
13044125
13055066
13084039
13097014
13126055
13152007
13044125
13055067
13084040
13097015
13126056
13152008
13044126
13055068
13084041
13097016
13126057
13152009
13044126
13055068
13084045
13097017
13127001
13152010
13046001
13055069
13084046
13097018
13127002
13152011
13046001
13055069
13084047
13097019
13127003
13152012
13046001
13055070
13084048
13097020
13127004
13152013
13046002
13055071
13084049
13097021
13127005
13152014
13046041
13055071
13084051
13097022
13127006
13152015
13046086
13055071
13084052
13097023
13127009
13152016
13046086
13055072
13085001
13097024
13127010
13152017
13046087
13055073
13085002
13097025
13127011
13152018
13046088
13055073
13085003
13097026
13127012
13152019
13046089
13055073
13085004
13097027
13127013
13152020
13046090
13055074
13085005
13097028
13127014
13152021
13046091
13055074
13085006
13097029
13127015
13152022
13046092
13055075
13085007
13097030
13127016
13152023
13046094
13055075
13085008
13097031
13127017
13152024
13046095
13055075
13085009
13097032
13127018
13152025
13046096
13055076
13085010
13097033
13127019
13152026
13046097
13055076
13085011
13097034
13127020
13152030
13046098
13055077
13085022
13097035
13127021
13152032
13046099
13055078
13085023
13097036
13127022
13152033
13046100
13055079
13085024
13097037
13127023
13152037
13046101
13055079
13085025
13097038
13127024
13152038
13046102
13055080
13085026
13097039
13127025
13152039
13046104
13055080
13085027
13097052
13127041
13152040
13046105
13055080
13085028
13097054
13127042
13152041
13046106
13055081
13085029
13097055
13127043
13152042
13046107
13055081
13085030
13097056
13127044
13152043
13046108
13055081
13085031
13097061
13127045
13152044
13046109
13055082
13085032
13097064
13127046
13152045
13046115
13055082
13085033
13100001
13127047
13152046
13046116
13055083
13085034
13100002
13127048
13152047
13046118
13055084
13085035
13100003
13127049
13152048
13046118
13055084
13085036
13100004
13127050
13152051
13046119
13055085
13085040
13100005
13127051
13152052
13046119
13055086
13085041
13100006
13127052
13152053
13046120
13055086
13085042
13100007
13127053
13152054
13046120
13055087
13085044
13100008
13127054
13152055
13046121
13055087
13085045
13100009
13127057
13152056
13046121
13055087
13085046
13100010
13127058
13152057
13047002
13055088
13085047
13100011
13127059
13152058
13047002
13055088
13085048
13100012
13127060
13153001
13047003
13055088
13085049
13100013
13127061
13153002
13047004
13055089
13085050
13100014
13127063
13153003
13047004
13055089
13085051
13100015
13127064
13153004
13047005
13055089
13085052
13100022
13128001
13153005
13047006
13055090
13085053
13100023
13128002
13153006
13047007
13055090
13085054
13100024
13128031
13153007
13047009
13055091
13085058
13100025
13128037
13153008
13047010
13056002
13085059
13100026
13128038
13153009
13047010
13056003
13085060
13100027
13128039
13153010
13047013
13056004
13085061
13100028
13128040
13153011
13047014
13056005
13086001
13100029
13128042
13153012
13047015
13056005
13086002
13100030
13128043
13153013
13047016
13056006
13086003
13100031
13128044
13153014
13047017
13056007
13086004
13100032
13128045
13153015
13047018
13056007
13086005
13100033
13128046
13153016
13047019
13056008
13086006
13100034
13128047
13153017
13047020
13056008
13086008
13100035
13128048
13153018
13047021
13056011
13086013
13100036
13128049
13153019
13047022
13056011
13086014
13100037
13128050
13153020
13047023
13056012
13086016
13100038
13128051
13153021
13047023
13056012
13086017
13100039
13128052
13153023
13047024
13056013
13086039
13100040
13128053
13153024
13047025
13056014
13086040
13100041
13128054
13153025
13047026
13056016
13086041
13100042
13128056
13153026
13047026
13056017
13086042
13100044
13128057
13153027
13047027
13056017
13086043
13100048
13128058
13153028
13047027
13056018
13086044
13100049
13128059
13153029
13047028
13056019
13086045
13100050
13128060
13153030
13047028
13056020
13086047
13100051
13128061
13153031
13047029
13056020
13086048
13100053
13129002
13153032
13047029
13056021
13086049
13100054
13129005
13155044
13047030
13056022
13086050
13100055
13129006
13155045
13047030
13056022
13086051
13100056
13129007
13155046
13047031
13056023
13086052
13100057
13129008
13155047
13047031
13056023
13086057
13100058
13129009
13155048
13047032
13056024
13086064
13100059
13129010
13155049
13047032
13056024
13086065
13100060
13129011
13155050
13047033
13056025
13086067
13101001
13129012
13155053
13047034
13056026
13086068
13101002
13129013
13155054
13047034
13056027
13086069
13101003
13129014
13155055
13047035
13056027
13086070
13101004
13129015
13155056
13047035
13056028
13086071
13101005
13129016
13155057
13047036
13056028
13086072
13101006
13129017
13155058
13047036
13056029
13086073
13101007
13129018
13155059
13047037
13056029
13086075
13101011
13129024
13155060
13047037
13056030
13086077
13101012
13129025
13155061
13047039
13056030
13086078
13101013
13129026
13155062
13047039
13056031
13086079
13101014
13130001
13155063
13047040
13056031
13086080
13101015
13130002
13155064
13047040
13056031
13086081
13101016
13130003
13156001
13047041
13056032
13086082
13101017
13130004
13156002
13047042
13056033
13086083
13101018
13130005
13156003
13047043
13056033
13086084
13101019
13130006
13156004
13047044
13056033
13086085
13101020
13130007
13156005
13047045
13056034
13086086
13101021
13130009
13156006
13047046
13056035
13086087
13101022
13130010
13156007
13047047
13056035
13086088
13101023
13130011
13156008
13047048
13056035
13087008
13101024
13130015
13156009
13047049
13056036
13087009
13101026
13130016
13156010
13047051
13056037
13087010
13101027
13130017
13156011
13047052
13056037
13087011
13101029
13130018
13156012
13047053
13056037
13087012
13101030
13130019
13156013
13047054
13056038
13087013
13101037
13130020
13156014
13047055
13056038
13087014
13101038
13130021
13156015
13047071
13056038
13087015
13101039
13130022
13156016
13047072
13056039
13087016
13101040
13130023
13156017
13047073
13056039
13087017
13101041
13130024
13156018
13047074
13056046
13087018
13101042
13130025
13156019
13047075
13056047
13087019
13101043
13130026
13156020
13047076
13056048
13087020
13101044
13130027
13156021
13047077
13056048
13087022
13101045
13130028
13156022
13047078
13056048
13087025
13101046
13130029
13156024
13047079
13056049
13087026
13101047
13130030
13156025
13047080
13056050
13087027
13101048
13130031
13156026
13047081
13056050
13087037
13101049
13130032
13156027
13047082
13056050
13087038
13101050
13130033
13156028
13047083
13056051
13087046
13101057
13130034
13156038
13047084
13057004
13087047
13101058
13130036
13156039
13047085
13057005
13087048
13101059
13130037
13156040
13047086
13057005
13087049
13101060
13130038
13156042
13047087
13057006
13087050
13101061
13130039
13156044
13047088
13057006
13087052
13102004
13130040
13156046
13047090
13057007
13087053
13102005
13130041
13156047
13047091
13057007
13087054
13102006
13130042
13156049
13047093
13057007
13087055
13102009
13130043
13156050
13047094
13057008
13087056
13102017
13130044
13156052
13047095
13057008
13087057
13102021
13130069
13156053
13047096
13057008
13087058
13102022
13130070
13156054
13047097
13057009
13087059
13102023
13131005
13156055
13047098
13057009
13087060
13102024
13131006
13156056
13047099
13057009
13087061
13102025
13131007
13156057
13047100
13057010
13087062
13102026
13131008
13156062
13047101
13057010
13087063
13102055
13131009
13156064
13047102
13057010
13087064
13102058
13131010
13156069
13047103
13057011
13088001
13102059
13131011
13156070
13047104
13057012
13088002
13102060
13131012
13156071
13047105
13057014
13088003
13102061
13131013
13156072
13047106
13057014
13088004
13102062
13131014
13156073
13047118
13057014
13088005
13102063
13131015
13156074
13047121
13057015
13088011
13102064
13131016
13156075
13047122
13057015
13088012
13102065
13131017
13156076
13047122
13057015
13088013
13102066
13131018
13156077
13047123
13057016
13088014
13102067
13131019
13156078
13047123
13057016
13088015
13102068
13131020
13156079
13047124
13057016
13088016
13102069
13131021
13157001
13047124
13057017
13088017
13102072
13131022
13157002
13047125
13057017
13088018
13102073
13131029
13157003
13047126
13057017
13088019
13102074
13131030
13157004
13047126
13057018
13088020
13103002
13131031
13157005
13048001
13057018
13088021
13103003
13131032
13157006
13048003
13057018
13088022
13103004
13131034
13157007
13048004
13057019
13088023
13103006
13131035
13157008
13048005
13057019
13088024
13103007
13131036
13157009
13048006
13057020
13088025
13103009
13131037
13157010
13048007
13057021
13088026
13103010
13131038
13157011
13048009
13057021
13088027
13103011
13131039
13157012
13048009
13057021
13088028
13103013
13131040
13157013
13048010
13057022
13088031
13103014
13131041
13157016
13048011
13057022
13088032
13103015
13131042
13157026
13048011
13057022
13088035
13103016
13131043
13157027
13048012
13057023
13088037
13103017
13131044
13157031
13048012
13057023
13088039
13103025
13131045
13157032
13048013
13057023
13088061
13103026
13131046
13157033
13048013
13057024
13089015
13103031
13131047
13157034
13048014
13057024
13089016
13103032
13131048
13157036
13048014
13057024
13089017
13103058
13131053
13157037
13048014
13057025
13089018
13103067
13131054
13157038
13048015
13057025
13089019
13104001
13131055
13157039
13048015
13057025
13089020
13104002
13131056
13157040
13048016
13057026
13089021
13104003
13131057
13157041
13048016
13057026
13089022
13104004
13132001
13157042
13048017
13057026
13089023
13104005
13132002
13157043
13048018
13057027
13089024
13104006
13132003
13157045
13048018
13057027
13089025
13104007
13132004
13157046
13048019
13057029
13089026
13104008
13132005
13157047
13048019
13057029
13089027
13104009
13132006
13157048
13048020
13057029
13089028
13104010
13132007
13157050
13048022
13057036
13089031
13104011
13132009
13157051
13048022
13057037
13089032
13104012
13132010
13157052
13048023
13057038
13089033
13104013
13132013
13157057
13048023
13057039
13089034
13104014
13132014
13157059
13048026
13057041
13089035
13104017
13132015
13158002
13048029
13057042
13089036
13104018
13132016
13158003
13048030
13057042
13089052
13104019
13132017
13158004
13048030
13057043
13089053
13104020
13132018
13158005
13048031
13057043
13089055
13104021
13132019
13158006
13048031
13057044
13089056
13104022
13132020
13158007
13048032
13057044
13089058
13104028
13132021
13158008
13048033
13057044
13089059
13104029
13132022
13158009
13048034
13057045
13089062
13104030
13132023
13158010
13048035
13057045
13090003
13104040
13132024
13158011
13048036
13057045
13090004
13104043
13132025
13158012
13048037
13057046
13090005
13104044
13132026
13158013
13048039
13057046
13090006
13104045
13132032
13158014
13048039
13057046
13090007
13104046
13132033
13158015
13048040
13057047
13090008
13104047
13132034
13158016
13048040
13057047
13090009
13104048
13132036
13158018
13048041
13057048
13090010
13104049
13132037
13158019
13048041
13057048
13090011
13104050
13132038
13158020
13048042
13057049
13090012
13104051
13132039
13158021
13048042
13057049
13090013
13104052
13132041
13158022
13048043
13057049
13090014
13104053
13132042
13158024
13048043
13057050
13090015
13104054
13132043
13158027
13048044
13057050
13090016
13104055
13132044
13158029
13048045
13057050
13090017
13104056
13132045
13158031
13048046
13057051
13090018
13104057
13132046
13158033
13048047
13057051
13090019
13104058
13132047
13158034
13048048
13057051
13090020
13104059
13132048
13158035
13048049
13057052
13090021
13104060
13132049
13158036
13048049
13057052
13090022
13104061
13132050
13158037
13048050
13057052
13090023
13104062
13132051
13158038
13048050
13057053
13090034
13104063
13133005
13158039
13048051
13057053
13090035
13105003
13133006
13158040
13048051
13057053
13090036
13105004
13133007
13158042
13048051
13057054
13090037
13105005
13133008
13158043
13048052
13057055
13090038
13105006
13133009
13158044
13048052
13057055
13090039
13105007
13133010
13158045
13048053
13057055
13090040
13105008
13133011
13158047
13048053
13057056
13090041
13105009
13133012
13158048
13048054
13057056
13090042
13105010
13133013
13158049
13048055
13057056
13090043
13105011
13133014
13158050
13048056
13057057
13090044
13105012
13133015
13158051
13048059
13057057
13090045
13105013
13133016
13158057
13048060
13057057
13090046
13105014
13133017
13158059
13048061
13057058
13090047
13105015
13133018
13158062
13048063
13057058
13090048
13105016
13133019
13158063
13048064
13057059
13090049
13105017
13133020
13158064
13048065
13058001
13090050
13105018
13133021
13158065
13048066
13058002
13091001
13105019
13133022
13158066
13048067
13058002
13091002
13105020
13133023
13158067
13048068
13058002
13091003
13105021
13133028
13158068
13048069
13058003
13091004
13105022
13133031
13158069
13048071
13058003
13091005
13105023
13133032
13159001
13048072
13058003
13091006
13105024
13133033
13159002
13048073
13058005
13091007
13105037
13133034
13159003
13048074
13058006
13091008
13105038
13133035
13159004
13048077
13058007
13091009
13105039
13133036
13159005
13048078
13058008
13091010
13105040
13133037
13159006
13048079
13058008
13091011
13105041
13133038
13159007
13048080
13058008
13091012
13106056
13133039
13159008
13048084
13058009
13091018
13106057
13133040
13159009
13048086
13058010
13091019
13106059
13133041
13159010
13048087
13058011
13091020
13106060
13133042
13159011
13048087
13058012
13091023
13106061
13133043
13159012
13048088
13058012
13091024
13106062
13133044
13159013
13048088
13058012
13091025
13106063
13133045
13159014
13048089
13058013
13091026
13106064
13133046
13159015
13048089
13058013
13091027
13106065
13133047
13159016
13048090
13058014
13091028
13106066
13133050
13159017
13048090
13058014
13091029
13106069
13133058
13159018
13048091
13058014
13091030
13106070
13133059
13159019
13048091
13058015
13091031
13106071
13133061
13159020
13048092
13058015
13091032
13106072
13133062
13159027
13048092
13058016
13091033
13106073
13133063
13159028
13048093
13058016
13091034
13106074
13134001
13159034
13048097
13058016
13091035
13106075
13134002
13159035
13048098
13058017
13091036
13106076
13134003
13159036
13049003
13058017
13091037
13107001
13134004
13159037
13049004
13058017
13091038
13107002
13134005
13159038
13049005
13058018
13091041
13107003
13134006
13159039
13049006
13058018
13091042
13107004
13134007
13159041
13049006
13058018
13091043
13107005
13134008
13159042
13049006
13058019
13091044
13107006
13134009
13159043
13049007
13058019
13091045
13107007
13134010
13159044
13049008
13058019
13091046
13107012
13134011
13159045
13049009
13058020
13091048
13107013
13134012
13159046
13049010
13058020
13091049
13107014
13134013
13159048
13049011
13058020
13091050
13107015
13134014
13159049
13049012
13058021
13091051
13107016
13134015
13159050
13049013
13058022
13091052
13107017
13134021
13159051
13049014
13058023
13091053
13107019
13134024
13159053
13049015
13058023
13091054
13107020
13134025
13159054
13049017
13058024
13091055
13107021
13134027
13159055
13049018
13058025
13091056
13107022
13134028
13159056
13049019
13058025
13092004
13107023
13134029
13159057
13049020
13058025
13092005
13107024
13134030
13159058
13049021
13058026
13092006
13107025
13134031
13159059
13049022
13058026
13092007
13107026
13134032
13159060
13049023
13058026
13092008
13107027
13134033
13159061
13049024
13058027
13092009
13107028
13134034
13160001
13049025
13058028
13092014
13107029
13134035
13160002
13049025
13058028
13092015
13107030
13134036
13160003
13049025
13058028
13092016
13107031
13134037
13160006
13049026
13058029
13092018
13107032
13134047
13160007
13049027
13058029
13092019
13107033
13134048
13160010
13049028
13058029
13092020
13107034
13134049
13160012
13049029
13058030
13092021
13107039
13134050
13160013
13049030
13058031
13092022
13107040
13134051
13160015
13049030
13058031
13092023
13107042
13134053
13160016
13049031
13058031
13092024
13107044
13134054
13160018
13049031
13058032
13092027
13107051
13134055
13160021
13049032
13058032
13092028
13107052
13134056
13160022
13049032
13058038
13092029
13107054
13134057
13160027
13049034
13058039
13092030
13107059
13134058
13160028
13049035
13058040
13092033
13107060
13134059
13160030
13049037
13058045
13092034
13107061
13135003
13160031
13049038
13058046
13092035
13107062
13135004
13160036
13049038
13058047
13092036
13108001
13135005
13160037
13049038
13058048
13092037
13108002
13135006
13160038
13049039
13058049
13092038
13108003
13135007
13160039
13049039
13058050
13092039
13108005
13135008
13160040
13049040
13059001
13092040
13108006
13135009
13160041
13049041
13059001
13092041
13108007
13135010
13160042
13049042
13059001
13092042
13108008
13135011
13160043
13049042
13059002
13092043
13108009
13135012
13160044
13049043
13059002
13092044
13108010
13135013
13160045
13049044
13059003
13092045
13108011
13135014
13160046
13049044
13059004
13092046
13108012
13135015
13160047
13049045
13059005
13092047
13108013
13135024
13160048
13049045
13059005
13092054
13108014
13135025
13160049
13049046
13059006
13092056
13108015
13135026
13160050
13049046
13059006
13093006
13108016
13135027
13160051
13049047
13059007
13093008
13108017
13135028
13160052
13049047
13059007
13093009
13108018
13135029
13161001
13049048
13059008
13093010
13108019
13135030
13161002
13049048
13059008
13093011
13108022
13135031
13161003
13049049
13059009
13093012
13108023
13135032
13161004
13049049
13059009
13093013
13108024
13135033
13161008
13049049
13059010
13093014
13108025
13135034
13161009
13049050
13059010
13093015
13108026
13135035
13161010
13049051
13059010
13093016
13108027
13135036
13161011
13049052
13059011
13093017
13108028
13135037
13161012
13049054
13059011
13093018
13108029
13135038
13161013
13049056
13059011
13093019
13108031
13135039
13161014
13049056
13059012
13093020
13108032
13135047
13161015
13049058
13059012
13093021
13108033
13135048
13161016
13049063
13059013
13093022
13108034
13135049
13161017
13049064
13059013
13093023
13108036
13135050
13161018
13049065
13059013
13093024
13108037
13135051
13161019
13049071
13059014
13093025
13108040
13135052
13161020
13049072
13059014
13093026
13108041
13135053
13161021
13049072
13059014
13093027
13108042
13135054
13161022
13049073
13059015
13093028
13108043
13135055
13161023
13049073
13059015
13093029
13108045
13135056
13161024
13049075
13059016
13093030
13108046
13135057
13161025
13049076
13059016
13093031
13108047
13135058
13161026
13049077
13059016
13093032
13108048
13135061
13161027
13049078
13059017
13093033
13108049
13135062
13161028
13049079
13059017
13093034
13108050
13135063
13161029
13049080
13059017
13093035
13108051
13136001
13161030
13049080
13059018
13093036
13108052
13136002
13161031
13049081
13059018
13093037
13108053
13136003
13161032
13049081
13059018
13093038
13108054
13136006
13161033
13049082
13059019
13093042
13108055
13136007
13161034
13049082
13059020
13093043
13108056
13136008
13161035
13049082
13059020
13093044
13108057
13136009
13161036
13049084
13059020
13093045
13108058
13136010
13161037
13049085
13059021
13093046
13108059
13136011
13161038
13049086
13059021
13094001
13108069
13136012
13161040
13049086
13059021
13094002
13108070
13136013
13161041
13049087
13059022
13094003
13108071
13136014
13161043
13049087
13059022
13094004
13108072
13136015
13161044
13049088
13059022
13094005
13108073
13136020
13161045
13049088
13059023
13094006
13108074
13136021
13161046
13049089
13059024
13094007
13108075
13138001
13161047
13049090
13059025
13094008
13108076
13138002
13161048
13049091
13059025
13094009
13108077
13138003
13161049
13049092
13059025
13094010
13108078
13138004
13161050
13049092
13059026
13094011
13108079
13138005
13161051
13049093
13059026
13094013
13108080
13138006
13161052
13049093
13059026
13094014
13108082
13138008
13161053
13049093
13059027
13094015
13109001
13138011
13161054
13049094
13059027
13094016
13109004
13138012
13161055
13049094
13059033
13094017
13109006
13138013
13161056
13049095
13059034
13094018
13109007
13138014
13161057
13049096
13059035
13094019
13109008
13138015
13161058
13049096
13059036
13094020
13109009
13138016
13161059
13049097
13059037
13094021
13109010
13138018
13161060
13049097
13059037
13094022
13109011
13138019
13161062
13049098
13059037
13094023
13109012
13138020
13162001
13049098
13059038
13094029
13109013
13138021
13162002
13049099
13059038
13094031
13109014
13138022
13162003
13049099
13059038
13094032
13109015
13138023
13162011
13049100
13059039
13094033
13109016
13138024
13162012
13049101
13059040
13094045
13109017
13138026
13162013
13049101
13059051
13094046
13109018
13139001
13162014
13050001
13059063
13094048
13109020
13139002
13162015
13050001
13059064
13094049
13109022
13139003
13162016
13050002
13059065
13094050
13109024
13139004
13162017
13050005
13059066
13094051
13109025
13139005
13162018
13050006
13059067
13094052
13109026
13139006
13162019
13050006
13059068
13094053
13109027
13139007
13162020
13050006
13059069
13094054
13109028
13139008
13162021
13050007
13059070
13094055
13109029
13139009
13162022
13050008
13059074
13094057
13109030
13139010
13162023
13050009
13059075
13094058
13109031
13139011
13162025
13050009
13059076
13094059
13109032
13139012
13162026
13050010
13059076
13094060
13109033
13139013
13162027
13050011
13059076
13094061
13109034
13139014
13162028
13050011
13059077
13094063
13109035
13139015
13162029
13050012
13059077
13094064
13109036
13139016
13162030
13050012
13059077
13094065
13109037
13139017
13162031
13050014
13059078
13094066
13109038
13139018
13162032
13050014
13059078
13094067
13109039
13139019
13162033
13050014
13059078
13094068
13109040
13139020
13162034
13050015
13059079
13094069
13109041
13139021
13162035
13050016
13059079
13094071
13109042
13139022
13162036
13050017
13059079
13094071
13109043
13139023
13162037
13050018
13059080
13094071
13109044
13139024
13162038
13050020
13059080
13094071
13109045
13139025
13162039
13050020
13059081
13094071
13109046
13139026
13162040
13050021
13059082
13094071
13109047
13139027
13162041
13050022
13059082
13094071
13109048
13139028
13162042
13050022
13059082
13094072
13109049
13139029
13162043
13050022
13059083
13094073
13109050
13139030
13162050
13050023
13059083
13094073
13109051
13139031
13162051
13050023
13059083
13094073
13109052
13139032
13162052
13050023
13059084
13094073
13109053
13139033
13162053
13050024
13059085
13094073
13109054
13139034
13162054
13050025
13059085
13094073
13110001
13139035
13162055
13050026
13059085
13094073
13110003
13139036
13162056
13050026
13059086
13094073
13110006
13139037
13162057
13050027
13059086
13094073
13110008
13139038
13162058
13050028
13059086
13094073
13110009
13139039
13162059
13050028
13059087
13094073
13110010
13139040
13162060
13050029
13059087
13094074
13110013
13139041
13162061
13050029
13059088
13094078
13111001
13139042
13162062
13050031
13059088
13094079
13111003
13139043
13162064
13050032
13059089
13094080
13111004
13139044
13162066
13050032
13059089
13094081
13111007
13139045
13163001
13050033
13060001
13094082
13111008
13139046
13163002
13050033
13060001
13094083
13111009
13139052
13163003
13050034
13060001
13094084
13111012
13139053
13163004
13050035
13060002
13094084
13111014
13139054
13163005
13050036
13060002
13094084
13111017
13139055
13163006
13050036
13060002
13094084
13111018
13139056
13163007
13050036
13060003
13094084
13111019
13139059
13163008
13050037
13060003
13094084
13111020
13139060
13163009
13050037
13060005
13094084
13114004
13139062
13163011
13050038
13060005
13094084
13114005
13139063
13163012
13050038
13060007
13094084
13114006
13139064
13163013
13050038
13060007
13094084
13114007
13139065
13163014
13050039
13060008
13094084
13114008
13139066
13163015
13050039
13060008
13094084
13114012
13139067
13163016
13050040
13060009
13094084
13114013
13139068
13163017
13050041
13060009
13094084
13114014
13139069
13163018
13050041
13060010
13094084
13114015
13139070
13163023
13050042
13060011
13094084
13114016
13139071
13163025
13050042
13060011
13094084
13114017
13139072
13163026
13050042
13060011
13094084
13114019
13139073
13163027
13050043
13060012
13094084
13114020
13139074
13163028
13050043
13060012
13094084
13114021
13139075
13163029
13050044
13060014
13094084
13114022
13139076
13163030
13050044
13060014
13094085
13114023
13139077
13163031
13050045
13060014
13094085
13114024
13139079
13163032
13050045
13060015
13094085
13114025
13139080
13163033
13050046
13060016
13094085
13114026
13140002
13163034
13050046
13060018
13094085
13114027
13140003
13163035
13050046
13060019
13094085
13114028
13140004
13163038
13050047
13060020
13094085
13114029
13140005
13163039
13050047
13060020
13094085
13114030
13140006
13163040
13050047
13060021
13094085
13114031
13140007
13163041
13050048
13060025
13094085
13114032
13140008
13163042
13050049
13060031
13094085
13114033
13140009
13163043
13050049
13060034
13094085
13114034
13140010
13163044
13050049
13060035
13094085
13114035
13140011
13163045
13050050
13060036
13094085
13114036
13140012
13163046
13050051
13060038
13094085
13114037
13140013
13163047
13050051
13060039
13094085
13114038
13140014
13163048
13050059
13060041
13094085
13114039
13140015
13163049
13050061
13060043
13094085
13114040
13140016
13163050
13050062
13060044
13094085
13114047
13140017
13164001
13051001
13060045
13094085
13114048
13140018
13164002
13051001
13060065
13094085
13114051
13140025
13164003
13051001
13060066
13094085
13114052
13140026
13164004
13051004
13060067
13094085
13114053
13140027
13164005
13051005
13060068
13094085
13114054
13140028
13164006
13051006
13060069
13094085
13114055
13140029
13164007
13051006
13060070
13094085
13114056
13140030
13164008
13051006
13060071
13094085
13114057
13140031
13164009
13051007
13060072
13094085
13114058
13140032
13164010
13051007
13060073
13094085
13114059
13140033
13164011
13051007
13060074
13094085
13114060
13140034
13164012
13051008
13060075
13094085
13114061
13140035
13164013
13051008
13060078
13094085
13114063
13140036
13164014
13051009
13060101
13094085
13114065
13140037
13164015
13051009
13060102
13094085
13114066
13140038
13164016
13051010
13060103
13094085
13114067
13140039
13164017
13051010
13060104
13094085
13114068
13140043
13164018
13051011
13060106
13094085
13114069
13140044
13164019
13051011
13060107
13094085
13114070
13140045
13164033
13051011
13060108
13094085
13115001
13140046
13164034
13051012
13060109
13094085
13115003
13140047
13164035
13051013
13060111
13094085
13115004
13140048
13164036
13051014
13060112
13094085
13115005
13140049
13164037
13051015
13060114
13094085
13115006
13140050
13164038
13051015
13060115
13094085
13115007
13140051
13164039
13051016
13060116
13094085
13115008
13140052
13164040
13051016
13060117
13094085
13115009
13140053
13164041
13051017
13060119
13094085
13115010
13141001
13164044
13051017
13060120
13094085
13115011
13141002
13164045
13051018
13060121
13094085
13115012
13141003
13164046
13051019
13060122
13094085
13115013
13141004
13164047
13051019
13060123
13094085
13115015
13141005
13164048
13051020
13060124
13094085
13115016
13141010
13164049
13051020
13060126
13094085
13115017
13141011
13164050
13051021
13060127
13094085
13115018
13141012
13164051
13051021
13060129
13094085
13115019
13141013
13164052
13051022
13060130
13094085
13115020
13141014
13164053
13051022
13060134
13094085
13115022
13141015
13164054
13051023
13060136
13094085
13115023
13141016
13164055
13051023
13060138
13094085
13115024
13141017
13164056
13051024
13060139
13094085
13115025
13141018
13164057
13051024
13060140
13094085
13115026
13141019
13164058
13051025
13060141
13094085
13115027
13141020
13164059
13051026
13061011
13094085
13115028
13141021
13165001
13051026
13061012
13094085
13115029
13141036
13165002
13051026
13061013
13094085
13115030
13141037
13165003
13051027
13061014
13094085
13115031
13141038
13165004
13051028
13061016
13094085
13115032
13141039
13165005
13051028
13061017
13094085
13115033
13141040
13165006
13051029
13061018
13094085
13115034
13141041
13165007
13051029
13061019
13094085
13115036
13141042
13165008
13051029
13061020
13094085
13115037
13141043
13165009
13051029
13061024
13094085
13115039
13141044
13165010
13051030
13061025
13094085
13115040
13141047
13165011
13051063
13061026
